r: 1.300000 p: 0.600000 beta: 0.300000 res1: 56.8 71.1469 59  
r: 1.300000 p: 0.600000 beta: 0.300000 res1: 58.3 72.0072 60.4  
r: 1.300000 p: 0.600000 beta: 0.300000 res1: 58.8 72.5042 61.15  
r: 1.300000 p: 0.600000 beta: 0.300000 res1: 57.3 71.9975 60  
